40 78000 205000
80 564000 1575000
120 1839000 5608000
160 5094000 12856000
200 8460000 25444000
240 15014000 43265000
280 24748000 79523000
320 58491000 128051000
360 66686000 179740000
400 75164000 240175000
440 142581000 557284000
480 147881000 363607000
520 157621000 488950000
560 208490000 891777000
600 511621000 743725000
640 291895000 885028000
680 764182000 1420902000
720 412453000 1131516000
760 476504000 1344180000
800 591541000 1552650000
840 642419000 1805861000
880 739226000 2528330000
920 902708000 2760610000
960 1022346000 3039984000
1000 1780177000 3573151000
1040 1452666000 4213140000
1080 1487241000 4449890000
1120 1645909000 4439958000
1160 1788334000 4750673000
1200 1912742000 5324949000
